((("anything-startup" .
   [0 0 0 0 0 0 0 0 0 0 2 0 0 0 0 0])
  ("anything" .
   [0 1 1 0 0 0 0 0])
  ("expand-file-name" .
   [0 0 0 0 0 0 0 0 0 0 0 0 0 0 0 1])
  ("load-path" .
   [0 0 0 0 0 1 0 0 0])
  ("add-to-list" .
   [0 0 0 0 0 0 0 1 0 0 0])
  ("auto-install" .
   [1 0 0 0 0 0 0 0 0 0 0 0])
  ("require" .
   [2 0 0 0 1 0 0])
  ("FILE" .
   [1 0 0 0])
  ("do_grep" .
   [1 0 0 1 0 0 0])
  ("err" .
   [5 0 1])
  ("fputs" .
   [1 0 0 0 0])
  ("regex_t" .
   [0 0 0 0 0 1 0])
  ("pat" .
   [7 0 0])
  ("src" .
   [1 0 0])
  ("sort" .
   [2 0 0 0])
  ("DATA_NUM" .
   [0 0 0 0 2 0 0 0])
  ("top" .
   [1 0 0])
  ("upper" .
   [12 0 1 2 0])
  ("lower" .
   [9 0 0 0 0])
  ("data" .
   [14 0 0 0])
  ("div" .
   [4 0 0])
  ("bottom" .
   [7 0 0 0 1 1])
  ("QuickSort" .
   [0 0 0 3 1 0 0 0 0])
  ("/usr/bin/" .
   [0 0 0 0 0 1 0 0 0])
  ("auto-image-file-mode" .
   [0 0 0 0 0 0 0 0 0 0 0 1 0 0 0 0 0 0 0 0])
  ("previous-multiframe-window" .
   [0 0 0 0 0 0 0 0 0 0 0 1 0 0 0 0 0 0 0 0 0 0 0 0 0 0])
  ("Previous" .
   [1 0 0 0 0 0 0 0])
  ("next-multiframe-window" .
   [0 0 0 0 0 0 0 1 0 0 0 0 0 0 0 0 0 0 0 0 0 0])
  ("kbd" .
   [2 0 0])
  ("global-map" .
   [0 0 0 1 0 0 1 0 0 0])
  ("define-key" .
   [0 0 0 0 0 0 0 2 0 0])
  ("comment-dwim" .
   [0 0 0 0 0 0 0 0 0 1 0 0])
  ("getWritableDatabase" .
   [0 0 0 0 0 1 0 0 0 0 0 0 0 0 0 0 0 0 0])
  ("get" .
   [1 0 0])
  ("Help" .
   [1 0 0 0])
  ("SQLiteDatabase" .
   [0 0 0 0 0 0 1 0 0 0 0 0 0 0])
  ("PerchaseSpecification" .
   [0 0 1 0 0 0 0 0 0 0 0 0 0 0 0 0 0 0 0 0 0])
  ("Inventory" .
   [0 0 1 0 0 0 0 0 0])
  ("default" .
   [1 0 0 0 0 1 0])
  ("height" .
   [1 0 0 0 0 0])
  ("width" .
   [1 0 0 0 0])
  ("default-frame-alist" .
   [0 0 0 0 0 0 0 0 0 1 0 1 0 0 0 0 0 0 0])
  ("append" .
   [2 0 0 0 0 0])
  ("initial-frame-alist" .
   [0 0 0 0 0 1 0 0 0 1 0 0 0 0 0 0 0 0 0])
  ("500" .
   [1 0 0])
  ("locals" .
   [1 0 0 0 0 0])
  ("5000" .
   [2 0 0 0])
  ("size" .
   [5 0 0 0])
  ("open" .
   [1 0 0 0])
  ("execute" .
   [1 0 0 0 0 0 0])
  ("datetime" .
   [0 0 1 0 1 0 0 0])
  ("time" .
   [1 0 0 0])
  ("sql" .
   [6 0 0])
  ("con" .
   [4 0 0])
  ("sqlite3" .
   [1 0 0 0 0 0 0])
  ("import" .
   [4 0 0 0 1 0])
  ("k" .
   [1])
  ("k0" .
   [7 0])
  ("BYTE" .
   [1 0 0 0])
  ("iLenM" .
   [0 0 1 0 0])
  ("DEBUG" .
   [2 0 0 0 0])
  ("ifdef" .
   [1 0 0 1 0])
  ("d" .
   [1])
  ("20110623" .
   [0 0 0 0 0 1 0 0])
  ("endif" .
   [6 0 0 0 0])
  ("20110623_H" .
   [2 0 0 0 0 0 0 0 0 0])
  ("TRACE" .
   [2 0 0 0 0])
  ("ON" .
   [5 0])
  ("table-insert" .
   [0 0 0 0 0 1 0 0 0 0 0 0])
  ("nil" .
   [1 0 0])
  ("setq" .
   [7 0 0 3])
  ("m" .
   [8])
  ("K" .
   [1])
  ("M" .
   [3])
  ("257" .
   [1 0 0])
  ("513" .
   [1 0 0])
  ("2" .
   [3])
  ("break" .
   [5 0 0 0 0])
  ("case" .
   [4 0 0 0])
  ("num" .
   [1 0 0])
  ("switch" .
   [1 0 0 0 0 0])
  ("void" .
   [15 0 0 0])
  ("RC4Cipher" .
   [0 0 0 0 0 1 0 0 0])
  ("RC4PRGA" .
   [0 0 0 0 1 0 0])
  ("RC4KSA" .
   [1 0 0 1 0 0])
  ("keylength" .
   [0 0 0 1 0 0 0 0 0])
  ("SHA_DIGEST_LENGTH" .
   [0 0 0 1 0 0 0 0 0 0 0 0 0 0 0 0 0])
  ("long" .
   [1 0 0 0])
  ("len2" .
   [1 0 0 0])
  ("um2" .
   [3 0 0])
  ("free" .
   [1 0 0 0])
  ("TEMP" .
   [2 0 0 0])
  ("temp2" .
   [3 0 0 0 0])
  ("t" .
   [5])
  ("SchonorrVerify" .
   [0 0 0 0 0 0 0 0 0 0 0 0 1 0])
  ("cpM" .
   [1 0 0])
  ("cp" .
   [1 0])
  ("p" .
   [2])
  ("Key" .
   [4 0 0])
  ("signature" .
   [2 0 0 2 0 0 0 0 0])
  ("SchonorrSign" .
   [0 0 0 1 0 0 0 0 0 0 0 0])
  ("iReturnMain" .
   [0 0 0 1 0 0 0 0 0 0 0])
  ("c" .
   [5])
  ("um" .
   [5 0])
  ("r" .
   [3])
  ("e" .
   [1])
  ("sizeof" .
   [0 0 0 0 2 0])
  ("malloc" .
   [2 0 0 0 0 0])
  ("strcat" .
   [0 0 0 1 0 0])
  ("result" .
   [0 0 0 0 2 1])
  ("strcpy" .
   [0 0 0 0 0 1])
  ("str" .
   [7 0 0])
  ("i" .
   [7])
  ("a" .
   [1])
  ("strlen" .
   [9 0 0 0 0 0])
  ("s" .
   [15])
  ("l" .
   [5])
  ("atoi" .
   [1 0 0 0])
  ("str1" .
   [4 0 0 0])
  ("exit" .
   [8 0 0 0])
  ("BN_dec2bn" .
   [0 0 0 0 0 0 1 0 0])
  ("answer" .
   [1 0 0 2 0 0])
  ("Inv" .
   [1 0 0])
  ("iInvReturn" .
   [0 0 1 0 0 0 0 0 0 0])
  ("BN_CTX_free" .
   [0 0 0 0 0 0 0 3 0 0 0])
  ("BN_clear_free" .
   [2 0 1 1 2 1 1 0 0 0 0 0 0])
  ("BN_bn2dec" .
   [3 0 0 0 0 2 3 0 0])
  ("printf" .
   [10 0 0 0 2 5])
  ("BN_mod" .
   [6 0 0 0 0 0])
  ("BN_CTX_new" .
   [0 0 0 0 0 0 0 3 0 0])
  ("BN_CTX" .
   [0 0 0 2 7 0])
  ("temp" .
   [31 0 0 0])
  ("BIGNUM" .
   [8 0 2 1 0 0])
  ("else" .
   [9 0 0 0])
  ("fprintf" .
   [0 0 0 0 0 1 0])
  ("puts" .
   [10 0 0 0])
  ("iModBinaryReturn" .
   [0 0 1 2 0 0 0 0 0 0 0 0 0 0 0 0])
  ("int" .
   [59 0 0])
  ("ModBinary" .
   [1 0 2 1 0 0 0 0 0])
  ("return" .
   [22 0 1 1 1 0])
  ("NULL" .
   [12 0 5 0])
  ("if" .
   [30 0])
  ("a0" .
   [1 0])
  ("a1" .
   [2 0])
  ("BN_new" .
   [1 0 0 3 3 0])
  ("BN_div" .
   [2 0 0 0 0 0])
  ("calcdv" .
   [2 0 1 0 0 2])
  ("calcrem" .
   [2 0 0 1 2 1 1])
  ("BN_mul" .
   [5 0 0 0 1 0])
  ("invmod" .
   [1 0 0 0 0 0])
  ("ctx" .
   [1 0 0])
  ("CTX" .
   [14 0 1])
  ("unsigned" .
   [4 0 8 6 7 1 1 1])
  ("char" .
   [38 1 0 4])
  ("135873444264888020826055777022778894442089288041823421678529552507472907949280760031574471230038836234493675174106810429518809553315328835948905256167722940609810061013609912715947691038097683121725981341724404727297150368876413750292574476036157404161502716910392824612195565959722386518372054336132155360047" .
   [0 0 1 0 0 0 0 0 0 0 0 0 0 0 0 0 0 0 0 0 0 0 0 0 0 0 0 0 0 0 0 0 0 0 0 0 0 0 0 0 0 0 0 0 0 0 0 0 0 0 0 0 0 0 0 0 0 0 0 0 0 0 0 0 0 0 0 0 0 0 0 0 0 0 0 0 0 0 0 0 0 0 0 0 0 0 0 0 0 0 0 0 0 0 0 0 0 0 0 0 0 0 0 0 0 0 0 0 0 0 0 0 0 0 0 0 0 0 0 0 0 0 0 0 0 0 0 0 0 0 0 0 0 0 0 0 0 0 0 0 0 0 0 0 0 0 0 0 0 0 0 0 0 0 0 0 0 0 0 0 0 0 0 0 0 0 0 0 0 0 0 0 0 0 0 0 0 0 0 0 0 0 0 0 0 0 0 0 0 0 0 0 0 0 0 0 0 0 0 0 0 0 0 0 0 0 0 0 0 0 0 0 0 0 0 0 0 0 0 0 0 0 0 0 0 0 0 0 0 0 0 0 0 0 0 0 0 0 0 0 0 0 0 0 0 0 0 0 0 0 0 0 0 0 0 0 0 0 0 0 0 0 0 0 0 0 0 0 0 0 0 0 0 0 0 0 0 0 0 0 0 0 0 0 0 0 0 0 0 0 0 0 0 0 0 0 0 0 0 0 0 0 0 0 0 0 0 0 0])
  ("seq" .
   [3 0 0])
  ("range" .
   [4 0 0 0 0])
  ("for" .
   [20 0 1])
  ("in" .
   [5 0])
  ("left" .
   [3 0 0 0])
  ("right" .
   [2 0 0 1 0])
  ("print" .
   [2 0 0 0 0])
  ("define" .
   [2 0 0 0 0 0])
  ("const" .
   [5 0 0 3 0])
  ("491" .
   [4 0 0])
  ("ORDER" .
   [5 0 0 0 0])
  ("len" .
   [5 0 0])
  ("u" .
   [4])
  ("ibignum_len" .
   [0 0 0 0 1 0 0 0 0 0 0])
  ("ibyte_len" .
   [0 0 0 0 0 2 0 0 0])
  ("sha1hash_out" .
   [1 0 0 3 1 0 0 0 0 0 0 0])
  ("h" .
   [1])
  ("hashlen" .
   [3 0 0 0 0 0 0])
  ("rem" .
   [8 0 0])
  ("ModSHA" .
   [0 0 0 0 1 0])
  ("include" .
   [11 0 1 3 2 1 1])
  ("string" .
   [1 0 0 0 0 0])
  ("main" .
   [3 0 0 0])
  ("message" .
   [5 0 3 0 0 2 0])
  ("MAX_SIZE" .
   [0 0 1 1 1 0 0 0])
  ("swap_s" .
   [0 0 0 0 0 1])
  ("while" .
   [5 0 0 1 0])
  ("256" .
   [12 0 0])
  ("100000" .
   [2 0 0 0 0 0])
  ("wincrypt" .
   [0 0 0 0 1 0 0 0])
  ("point" .
   [1 0 0 0 0])
  ("512" .
   [1 0 0])
  ("prefer-coding-system" .
   [0 0 0 0 0 0 1 0 0 0 0 0 0 0 0 0 0 0 0 0])
  ("utf-8" .
   [1 0 0 0 0])
  ("1000" .
   [1 0 0 0])
  ("delete-auto-save-files" .
   [0 0 0 0 0 0 0 0 0 0 0 0 1 0 0 0 0 0 0 0 0 0])
  ("column-number-mode" .
   [0 0 0 0 0 0 0 1 0 0 0 0 0 0 0 0 0 0])
  ("models" .
   [31 0 0 0 0 0])
  ("CharField" .
   [0 0 0 2 2 0 0 0 0])
  ("max_length" .
   [2 0 0 1 1 1 0 0 0 0])
  ("PositiveIntegerField" .
   [1 0 6 0 1 0 0 0 0 0 0 0 0 0 0 0 0 0 0 0])
  ("item" .
   [1 0 0 0])
  ("ForeignKey" .
   [0 0 2 5 0 0 0 0 0 0])
  ("class" .
   [9 0 0 0 0])
  ("Category" .
   [1 0 1 0 1 0 1 0])
  ("Model" .
   [4 0 1 0 0])
  ("unique" .
   [2 0 0 1 0 0])
  ("True" .
   [6 0 0 0])
  ("primary_key" .
   [0 0 0 1 0 2 0 1 0 0 0])
  ("def" .
   [8 0 0])
  ("__unicode__" .
   [0 0 0 4 0 1 0 0 0 0 0])
  ("self" .
   [17 0 0 0])
  ("Category_id" .
   [1 0 0 0 0 0 0 0 0 0 0])
  ("Meta" .
   [5 0 0 0])
  ("db_table" .
   [2 0 0 3 0 0 0 0])
  ("item_id" .
   [2 0 0 0 1 0 0])
  ("Item" .
   [3 0 0 0])
  ("order_id" .
   [3 0 0 0 0 1 0 0])
  ("Merchannt" .
   [0 0 0 3 0 0 0 0 0])
  ("merchannt_id" .
   [0 0 1 2 0 0 0 0 0 0 0 0])
  ("max" .
   [1 0 0])
  ("Inventry" .
   [1 0 0 0 0 0 0 0])
  ("rest" .
   [1 0 0 0])
  ("Customer" .
   [2 0 1 2 0 1 0 0])
  ("False" .
   [0 0 1 0 0])
  ("hashlib" .
   [1 0 0 0 0 0 0])
  ("pass" .
   [0 0 1 0])
  ("passwd" .
   [1 0 0 0 0 0])
  ("super" .
   [1 0 0 0 0])
  ("save" .
   [1 0 0 0])
  ("force_insert" .
   [0 0 0 0 0 1 0 0 0 0 0 0])
  ("force_update" .
   [0 0 0 0 0 0 0 0 1 0 0 0])
  ("AutoField" .
   [1 0 0 0 2 0 0 0 0])
  ("customer_id" .
   [1 0 0 0 0 0 0 0 0 0 0])
  ("Receipt" .
   [0 0 1 0 0 2 0])
  ("receipt_id" .
   [0 0 0 0 0 0 0 1 1 0])
  ("Order" .
   [2 0 0 0 0])
  ("receipt" .
   [2 0 0 0 0 0 0])
  ("perchase_price" .
   [1 0 0 0 0 0 0 0 0 0 0 0 0 0])
  ("which-function-mode" .
   [0 0 0 0 0 0 1 0 0 0 0 0 0 0 0 0 0 0 0])
  ("!/bin/sh" .
   [0 0 1 0 0 0 0 0])
  ("~/Documents/" .
   [0 0 0 0 0 1 0 0 0 0 0 0])
  ("~/Documents/inet-svn/" .
   [0 0 0 0 0 0 0 0 0 0 0 0 1 0 0 0 0 0 0 0 0])
  ("~/Documents/inet-svn/code/" .
   [0 0 0 0 0 0 0 0 0 0 0 0 0 0 0 0 0 0 0 0 0 1 0 0 0 0])
  ("~/Music/" .
   [0 0 1 0 0 0 0 0])
  ("end" .
   [1 0 0])
  ("org-agenda" .
   [0 0 0 0 0 1 0 0 0 0])
  ("org-agenda-files" .
   [0 0 0 0 0 0 0 0 0 0 0 0 0 1 0 0])
  ("list" .
   [1 0 0 0])
  ("static" .
   [6 0 0 0 0 0])
  ("argv" .
   [9 0 1 0])
  ("argc" .
   [8 0 0 0])
  ("do" .
   [4 0])
  ("do_cat" .
   [2 0 0 0 1 0])
  ("path" .
   [6 1 0 0])
  ("BUFFER_SIZE" .
   [0 0 1 0 0 0 0 0 0 0 0])
  ("die" .
   [4 0 1])
  ("buf" .
   [11 0 0])
  ("as" .
   [2 0])
  ("plt" .
   [1 0 0])))
